8912797983712387912793
4.456398991856194e+21
2.228199495928097e+21
1.1140997479640485e+21
5.5704987398202425e+20
2.7852493699101213e+20
1.3926246849550606e+20
6.963123424775303e+19
3.4815617123876516e+19
1.7407808561938258e+19
8.703904280969129e+18
4.351952140484565e+18
2.1759760702422835e+18
1.0879880351211438e+18
5.43994017560576e+17
2.719970087802962e+17
1.3599850439016448e+17
6.799925219511501e+16
3.399962609762304e+16
1.6999813048942592e+16
8499906524733440.0
4249953262891008.0
2124976632494080.0
1062488318344192.0
531244163366400.0
265622090071807.9
132811061813119.25
66405564460985.98
33202849339311.773
16601558887022.184
8301047876073.49
4151060785800.833
2076603949569.8586
1040447978115.4052
524507143127.47955
270749926761.65762
151834428560.2199
105267599657.88162
94967803894.19388
94409268325.1716
94407616146.37921
