8912797983712387912793
4.456398991856194e+21
2.228199495928097e+21
1.1140997479640485e+21
5.5704987398202425e+20
2.7852493699101213e+20
1.3926246849550606e+20
6.963123424775303e+19
3.4815617123876516e+19
1.7407808561938258e+19
8.703904280969129e+18
4.351952140484565e+18
2.1759760702422835e+18
1.0879880351211438e+18
5.4399401756057594e+17
2.719970087802962e+17
1.3599850439016446e+17
6.7999252195115e+16
3.3999626097623036e+16
1.699981304894259e+16
8499906524733440.0
4249953262891008.0
2124976632494079.8
1062488318344191.9
531244163366399.94
265622090071807.9
132811061813119.23
66405564460985.97
33202849339311.77
16601558887022.18
8301047876073.488
4151060785800.832
2076603949569.8582
1040447978115.4049
524507143127.4794
270749926761.6575
151834428560.21985
105267599657.88159
94967803894.19388
94409268325.17162
94407616146.37923
94407616131.92226
