11 
1 
 
 
110 
10 
 
 
1100 
11 
 
 
11000 
100 
 
 
110000 
110 
 
 
1100000 
1001 
 
 
11000000 
1101 
 
 
110000000 
10011 
 
 
1100000000 
11011 
 
 
11000000000 
100111 
 
 
110000000000 
110110 
 
 
1100000000000 
1001110 
 
 
11000000000000 
1101110 
 
 
110000000000000 
10011100 
 
 
1100000000000000 
11011101 
 
 
11000000000000000 
100111001 
 
 
110000000000000000 
110111011 
 
 
1100000000000000000 
1001110010 
 
 
11000000000000000000 
1101110110 
 
 
110000000000000000000 
10011100110 
 
 
1100000000000000000000 
11011101101 
 
 
11000000000000000000000 
100111001100 
 
 
110000000000000000000000 
110111011011 
 
 
1100000000000000000000000 
1001110011000 
 
 
11000000000000000000000000 
1101110110101 
 
 
110000000000000000000000000 
10011100110001 
 
 
1100000000000000000000000000 
11011101101100 
 
 
11000000000000000000000000000 
100111001100010 
 
 
110000000000000000000000000000 
110111011011001 
 
 
1100000000000000000000000000000 
1001110011000100 
 
 
11000000000000000000000000000000 
1101110110110011 
 
 
110000000000000000000000000000000 
10011100110001000 
 
 
1100000000000000000000000000000000 
11011101101100111 
 
 
11000000000000000000000000000000000 
100111001100010001 
 
 
110000000000000000000000000000000000 
110111011011001111 
 
 
1100000000000000000000000000000000000 
1001110011000100011 
 
 
11000000000000000000000000000000000000 
1101110110110011110 
 
 
110000000000000000000000000000000000000 
10011100110001000111 
 
 
1100000000000000000000000000000000000000 
11011101101100111101 
 
 
11000000000000000000000000000000000000000 
100111001100010001110 
 
 
110000000000000000000000000000000000000000 
110111011011001111010 
 
 
1100000000000000000000000000000000000000000 
1001110011000100011100 
 
 
11000000000000000000000000000000000000000000 
1101110110110011110101 
 
 
110000000000000000000000000000000000000000000 
10011100110001000111000 
 
 
1100000000000000000000000000000000000000000000 
11011101101100111101011 
 
 
11000000000000000000000000000000000000000000000 
100111001100010001110000 
 
 
110000000000000000000000000000000000000000000000 
110111011011001111010111 
 
 
1100000000000000000000000000000000000000000000000 
1001110011000100011100001 
 
 
11000000000000000000000000000000000000000000000000 
1101110110110011110101110 
 
 
110000000000000000000000000000000000000000000000000 
10011100110001000111000010 
 
 
1100000000000000000000000000000000000000000000000000 
11011101101100111101011100 
 
 
11000000000000000000000000000000000000000000000000000 
100111001100010001110000101 
 
 
110000000000000000000000000000000000000000000000000000 
110111011011001111010111010 
 
 
1100000000000000000000000000000000000000000000000000000 
1001110011000100011100001010 
 
 
11000000000000000000000000000000000000000000000000000000 
1101110110110011110101110100 
 
 
110000000000000000000000000000000000000000000000000000000 
10011100110001000111000010100 
 
 
1100000000000000000000000000000000000000000000000000000000 
11011101101100111101011101000 
 
 
11000000000000000000000000000000000000000000000000000000000 
100111001100010001110000101000 
 
 
110000000000000000000000000000000000000000000000000000000000 
110111011011001111010111010000 
 
 
1100000000000000000000000000000000000000000000000000000000000 
1001110011000100011100001010000 
 
 
11000000000000000000000000000000000000000000000000000000000000 
1101110110110011110101110100001 
 
 
110000000000000000000000000000000000000000000000000000000000000 
10011100110001000111000010100000 
 
 
