100 
10 
 
 
1000 
10 
 
 
10000 
11 
 
 
100000 
101 
 
 
1000000 
1000 
 
 
10000000 
1010 
 
 
100000000 
10000 
 
 
1000000000 
10110 
 
 
10000000000 
100000 
 
 
100000000000 
101101 
 
 
1000000000000 
1000000 
 
 
10000000000000 
1011010 
 
 
100000000000000 
10000000 
 
 
1000000000000000 
10110100 
 
 
10000000000000000 
100000000 
 
 
100000000000000000 
101101010 
 
 
1000000000000000000 
1000000000 
 
 
10000000000000000000 
1011010100 
 
 
100000000000000000000 
10000000000 
 
 
1000000000000000000000 
10110101000 
 
 
10000000000000000000000 
11111111111 
 
 
100000000000000000000000 
101101010000 
 
 
1000000000000000000000000 
1000000000000 
 
 
10000000000000000000000000 
1011010100000 
 
 
100000000000000000000000000 
10000000000000 
 
 
1000000000000000000000000000 
10110101000001 
 
 
10000000000000000000000000000 
100000000000000 
 
 
100000000000000000000000000000 
101101010000001 
 
 
1000000000000000000000000000000 
1000000000000000 
 
 
10000000000000000000000000000000 
1011010100000100 
 
 
100000000000000000000000000000000 
10000000000000000 
 
 
1000000000000000000000000000000000 
10110101000001001 
 
 
10000000000000000000000000000000000 
100000000000000000 
 
 
100000000000000000000000000000000000 
101101010000010011 
 
 
1000000000000000000000000000000000000 
1000000000000000000 
 
 
10000000000000000000000000000000000000 
1011010100000100111 
 
 
100000000000000000000000000000000000000 
10000000000000000000 
 
 
1000000000000000000000000000000000000000 
10110101000001001111 
 
 
10000000000000000000000000000000000000000 
100000000000000000000 
 
 
100000000000000000000000000000000000000000 
101101010000010011110 
 
 
1000000000000000000000000000000000000000000 
1000000000000000000000 
 
 
10000000000000000000000000000000000000000000 
1011010100000100111100 
 
 
100000000000000000000000000000000000000000000 
10000000000000000000000 
 
 
1000000000000000000000000000000000000000000000 
10110101000001001111001 
 
 
10000000000000000000000000000000000000000000000 
11111111111111111111111 
 
 
100000000000000000000000000000000000000000000000 
101101010000010011110011 
 
 
1000000000000000000000000000000000000000000000000 
1000000000000000000000000 
 
 
10000000000000000000000000000000000000000000000000 
1011010100000100111100110 
 
 
100000000000000000000000000000000000000000000000000 
10000000000000000000000000 
 
 
1000000000000000000000000000000000000000000000000000 
10110101000001001111001100 
 
 
10000000000000000000000000000000000000000000000000000 
100000000000000000000000000 
 
 
100000000000000000000000000000000000000000000000000000 
101101010000010011110011001 
 
 
1000000000000000000000000000000000000000000000000000000 
1000000000000000000000000000 
 
 
10000000000000000000000000000000000000000000000000000000 
1011010100000100111100110011 
 
 
100000000000000000000000000000000000000000000000000000000 
10000000000000000000000000000 
 
 
1000000000000000000000000000000000000000000000000000000000 
10110101000001001111001100110 
 
 
10000000000000000000000000000000000000000000000000000000000 
100000000000000000000000000000 
 
 
100000000000000000000000000000000000000000000000000000000000 
101101010000010011110011001100 
 
 
1000000000000000000000000000000000000000000000000000000000000 
1000000000000000000000000000000 
 
 
10000000000000000000000000000000000000000000000000000000000000 
1011010100000100111100110011001 
 
 
100000000000000000000000000000000000000000000000000000000000000 
10000000000000000000000000000000 
 
 
1000000000000000000000000000000000000000000000000000000000000000 
10110101000001001111001100110011 
 
 
10000000000000000000000000000000000000000000000000000000000000000 
100000000000000000000000000000000 
 
 
100000000000000000000000000000000000000000000000000000000000000000 
101101010000010011110011001100111 
 
 
1000000000000000000000000000000000000000000000000000000000000000000 
1000000000000000000000000000000000 
 
 
10000000000000000000000000000000000000000000000000000000000000000000 
1011010100000100111100110011001111 
 
 
100000000000000000000000000000000000000000000000000000000000000000000 
10000000000000000000000000000000000 
 
 
1000000000000000000000000000000000000000000000000000000000000000000000 
10110101000001001111001100110011111 
 
 
10000000000000000000000000000000000000000000000000000000000000000000000 
100000000000000000000000000000000000 
 
 
100000000000000000000000000000000000000000000000000000000000000000000000 
101101010000010011110011001100111111 
 
 
1000000000000000000000000000000000000000000000000000000000000000000000000 
1000000000000000000000000000000000000 
 
 
10000000000000000000000000000000000000000000000000000000000000000000000000 
1011010100000100111100110011001111111 
 
 
100000000000000000000000000000000000000000000000000000000000000000000000000 
10000000000000000000000000000000000000 
 
 
1000000000000000000000000000000000000000000000000000000000000000000000000000 
10110101000001001111001100110011111110 
 
 
10000000000000000000000000000000000000000000000000000000000000000000000000000 
100000000000000000000000000000000000000 
 
 
100000000000000000000000000000000000000000000000000000000000000000000000000000 
101101010000010011110011001100111111100 
 
 
1000000000000000000000000000000000000000000000000000000000000000000000000000000 
1000000000000000000000000000000000000000 
 
 
10000000000000000000000000000000000000000000000000000000000000000000000000000000 
1011010100000100111100110011001111111001 
 
 
100000000000000000000000000000000000000000000000000000000000000000000000000000000 
10000000000000000000000000000000000000000 
 
 
1000000000000000000000000000000000000000000000000000000000000000000000000000000000 
10110101000001001111001100110011111110011 
 
 
10000000000000000000000000000000000000000000000000000000000000000000000000000000000 
100000000000000000000000000000000000000000 
 
 
100000000000000000000000000000000000000000000000000000000000000000000000000000000000 
101101010000010011110011001100111111100111 
 
 
1000000000000000000000000000000000000000000000000000000000000000000000000000000000000 
1000000000000000000000000000000000000000000 
 
 
10000000000000000000000000000000000000000000000000000000000000000000000000000000000000 
1011010100000100111100110011001111111001110 
 
 
100000000000000000000000000000000000000000000000000000000000000000000000000000000000000 
10000000000000000000000000000000000000000000 
 
 
1000000000000000000000000000000000000000000000000000000000000000000000000000000000000000 
10110101000001001111001100110011111110011101 
 
 
10000000000000000000000000000000000000000000000000000000000000000000000000000000000000000 
100000000000000000000000000000000000000000000 
 
 
100000000000000000000000000000000000000000000000000000000000000000000000000000000000000000 
101101010000010011110011001100111111100111011 
 
 
1000000000000000000000000000000000000000000000000000000000000000000000000000000000000000000 
1000000000000000000000000000000000000000000000 
 
 
10000000000000000000000000000000000000000000000000000000000000000000000000000000000000000000 
1011010100000100111100110011001111111001110111 
 
 
100000000000000000000000000000000000000000000000000000000000000000000000000000000000000000000 
1111111111111111111111111111111111111111111111 
 
 
1000000000000000000000000000000000000000000000000000000000000000000000000000000000000000000000 
10110101000001001111001100110011111110011101111 
 
 
10000000000000000000000000000000000000000000000000000000000000000000000000000000000000000000000 
100000000000000000000000000000000000000000000000 
 
 
100000000000000000000000000000000000000000000000000000000000000000000000000000000000000000000000 
101101010000010011110011001100111111100111011110 
 
 
1000000000000000000000000000000000000000000000000000000000000000000000000000000000000000000000000 
1000000000000000000000000000000000000000000000000 
 
 
10000000000000000000000000000000000000000000000000000000000000000000000000000000000000000000000000 
1011010100000100111100110011001111111001110111100 
 
 
100000000000000000000000000000000000000000000000000000000000000000000000000000000000000000000000000 
10000000000000000000000000000000000000000000000000 
 
 
1000000000000000000000000000000000000000000000000000000000000000000000000000000000000000000000000000 
10110101000001001111001100110011111110011101111001 
 
 
10000000000000000000000000000000000000000000000000000000000000000000000000000000000000000000000000000 
100000000000000000000000000000000000000000000000000 
 
 
100000000000000000000000000000000000000000000000000000000000000000000000000000000000000000000000000000 
101101010000010011110011001100111111100111011110011 
 
 
1000000000000000000000000000000000000000000000000000000000000000000000000000000000000000000000000000000 
1000000000000000000000000000000000000000000000000000 
 
 
10000000000000000000000000000000000000000000000000000000000000000000000000000000000000000000000000000000 
1011010100000100111100110011001111111001110111100110 
 
 
100000000000000000000000000000000000000000000000000000000000000000000000000000000000000000000000000000000 
10000000000000000000000000000000000000000000000000000 
 
 
1000000000000000000000000000000000000000000000000000000000000000000000000000000000000000000000000000000000 
10110101000001001111001100110011111110011101111001100 
 
 
10000000000000000000000000000000000000000000000000000000000000000000000000000000000000000000000000000000000 
100000000000000000000000000000000000000000000000000000 
 
 
100000000000000000000000000000000000000000000000000000000000000000000000000000000000000000000000000000000000 
101101010000010011110011001100111111100111011110011001 
 
 
1000000000000000000000000000000000000000000000000000000000000000000000000000000000000000000000000000000000000 
1000000000000000000000000000000000000000000000000000000 
 
 
10000000000000000000000000000000000000000000000000000000000000000000000000000000000000000000000000000000000000 
1011010100000100111100110011001111111001110111100110010 
 
 
100000000000000000000000000000000000000000000000000000000000000000000000000000000000000000000000000000000000000 
10000000000000000000000000000000000000000000000000000000 
 
 
1000000000000000000000000000000000000000000000000000000000000000000000000000000000000000000000000000000000000000 
10110101000001001111001100110011111110011101111001100100 
 
 
10000000000000000000000000000000000000000000000000000000000000000000000000000000000000000000000000000000000000000 
100000000000000000000000000000000000000000000000000000000 
 
 
100000000000000000000000000000000000000000000000000000000000000000000000000000000000000000000000000000000000000000 
101101010000010011110011001100111111100111011110011001001 
 
 
1000000000000000000000000000000000000000000000000000000000000000000000000000000000000000000000000000000000000000000 
1000000000000000000000000000000000000000000000000000000000 
 
 
10000000000000000000000000000000000000000000000000000000000000000000000000000000000000000000000000000000000000000000 
1011010100000100111100110011001111111001110111100110010010 
 
 
100000000000000000000000000000000000000000000000000000000000000000000000000000000000000000000000000000000000000000000 
10000000000000000000000000000000000000000000000000000000000 
 
 
1000000000000000000000000000000000000000000000000000000000000000000000000000000000000000000000000000000000000000000000 
10110101000001001111001100110011111110011101111001100100100 
 
 
10000000000000000000000000000000000000000000000000000000000000000000000000000000000000000000000000000000000000000000000 
100000000000000000000000000000000000000000000000000000000000 
 
 
100000000000000000000000000000000000000000000000000000000000000000000000000000000000000000000000000000000000000000000000 
101101010000010011110011001100111111100111011110011001001000 
 
 
1000000000000000000000000000000000000000000000000000000000000000000000000000000000000000000000000000000000000000000000000 
1000000000000000000000000000000000000000000000000000000000000 
 
 
10000000000000000000000000000000000000000000000000000000000000000000000000000000000000000000000000000000000000000000000000 
1011010100000100111100110011001111111001110111100110010010000 
 
 
100000000000000000000000000000000000000000000000000000000000000000000000000000000000000000000000000000000000000000000000000 
10000000000000000000000000000000000000000000000000000000000000 
 
 
1000000000000000000000000000000000000000000000000000000000000000000000000000000000000000000000000000000000000000000000000000 
10110101000001001111001100110011111110011101111001100100100001 
 
 
10000000000000000000000000000000000000000000000000000000000000000000000000000000000000000000000000000000000000000000000000000 
100000000000000000000000000000000000000000000000000000000000000 
 
 
100000000000000000000000000000000000000000000000000000000000000000000000000000000000000000000000000000000000000000000000000000 
101101010000010011110011001100111111100111011110011001001000010 
 
 
1000000000000000000000000000000000000000000000000000000000000000000000000000000000000000000000000000000000000000000000000000000 
1000000000000000000000000000000000000000000000000000000000000000 
 
 
